Open,High,Low,Close,Volume,Dividends,Stock Splits,Moving_Average,RSI,EMA_12,EMA_26,MACD,Signal_Line
223.33429284055268,223.7937787761964,221.66612995902517,222.25547790527344,36766600,0.0,0.0,,,222.25547790527344,222.25547790527344,0.0,0.0
216.302019591785,216.98128020943747,213.6849038037586,216.082275390625,59357400,0.0,0.0,,,221.30575444148138,221.7982036449291,-0.4924492034477055,-0.0984898406895411
215.51289221314667,216.6616222741377,214.26426595466958,216.55174255371094,45519300,0.0,0.0,,,220.574367997209,221.40957689743144,-0.8352089002224261,-0.2458336525961181
217.31091546092293,222.46524827574677,217.30091669603667,220.4474639892578,59894900,0.0,0.0,,,220.55484430367807,221.33830927460377,-0.7834649709257064,-0.3533599162620358
224.74274368478322,229.56743739121873,224.38313871157,228.61846923828125,66781300,0.0,0.0,220.79108581542968,,221.79540198592468,221.87758038302434,-0.08217839709965347,-0.2991236124295593
229.7172625160979,232.83382873595048,227.36983908638868,227.94920349121094,318679900,0.0,0.0,221.9298309326172,,222.74214067904563,222.32733024289,0.4148104361556193,-0.1563368027125236
227.09015412184934,229.19783588273827,225.56183678133013,226.2211151123047,54146000,0.0,0.0,223.9575988769531,,223.27736751493163,222.61575875173557,0.6616087631960568,0.0072523104691924745
228.39870925768025,229.09795215651428,225.48192014495527,227.1201171875,43556100,0.0,0.0,226.07127380371094,,223.86855977224982,222.94941493216257,0.9191448400872559,0.18963081639280516
224.6827959331431,227.04020291666632,223.77380760174057,226.1212158203125,42308700,0.0,0.0,227.20602416992188,,224.21512224118254,223.1843631460996,1.0307590950829422,0.3578564721308326
227.05019905798116,228.24887720276465,225.16227678839184,227.26995849609375,36636700,0.0,0.0,226.9363220214844,,224.68509704963043,223.48699983869176,1.1980972109386698,0.5259046198924001
228.20893469195548,229.26776733886913,227.05020584581527,227.53965759277344,34026000,0.0,0.0,226.8544128417969,,225.12426021011396,223.78719670936448,1.3370635007494798,0.688136396063816
229.78718847660608,232.7439422607422,229.39761768078608,232.7439422607422,54541900,0.0,0.0,228.1589782714844,,226.29651898713368,224.45065934279987,1.8458596443338138,0.9196810457178156
229.2677705196639,229.3976172900359,223.49412373913023,225.96141052246094,63285000,0.0,0.0,227.92723693847657,,226.24496383872247,224.5625668375896,1.6823970011328697,1.0722242368008263
225.64175566026316,227.12012493395358,222.77491454853467,226.53077697753906,32880600,0.0,0.0,228.00914916992187,55.780668577422325,226.2889350908481,224.70836018128955,1.5805749095585497,1.173894371352371
224.8925655126969,226.56072831643584,223.0745736591087,225.42198181152344,34044200,0.0,0.0,227.63955383300782,54.15681812718838,226.15555766325969,224.76122104278835,1.3943366204713357,1.217982821176164
227.6495326914976,227.74942888869526,223.88368688105714,226.55075073242188,37245100,0.0,0.0,227.4417724609375,65.8403785092734,226.21635659697694,224.89377879757603,1.3225777994009036,1.238901816821112
224.25327473060864,225.44196936055414,221.08676038639473,221.4463653564453,39505400,0.0,0.0,225.18225708007813,56.49523630564427,225.4825117907413,224.63841483897374,0.8440969517675683,1.159940843810403
224.05349542674807,225.73164177618557,223.0046463373399,225.52188110351562,31855700,0.0,0.0,225.09435119628907,56.701846168107906,225.4885686080912,224.70385678449534,0.7847118235958703,1.0848950397674966
224.9824739985636,229.49751090746852,224.58291968465133,229.28773498535156,33591100,0.0,0.0,225.64574279785157,51.000301497590065,226.07305574305434,225.0434033178921,1.0296524251622259,1.0738465168464426
227.5296744960524,229.24778548023318,226.9203442604764,228.7882843017578,28183500,0.0,0.0,226.31900329589843,51.260509980470005,226.49078321362413,225.32080190928957,1.1699813043345557,1.0930734743440653
229.04800351672907,229.15788323697032,227.09015084025384,227.2999267578125,31759200,0.0,0.0,226.46883850097657,51.63240360758404,226.61526683580695,225.4674037499209,1.1478630858860583,1.104031396652464
228.44865815944695,231.47532700331138,228.34877720356226,231.04580688476562,39882100,0.0,0.0,228.38872680664062,55.468976524176895,227.29688838180058,225.8806187969464,1.4162695848541773,1.1664790342928066
233.3532605949055,237.22900130875718,232.11461788171079,233.59300231933594,64751400,0.0,0.0,230.0029510498047,59.978659849991296,228.26552129526758,226.45190646527158,1.8136148299959984,1.295906193433445
231.34547369396782,231.86489123072647,229.5873982094942,231.5252685546875,34082200,0.0,0.0,230.45045776367186,55.5468613877377,228.76702087363986,226.82771106448757,1.9393098091522916,1.4245869165772145
233.17345903647427,233.59301088010824,230.26666863657624,231.89486694335938,32993800,0.0,0.0,231.0717742919922,55.66233462216782,229.24822796128905,227.20305594440399,2.0451720168850613,1.548703936638784
235.9204255737285,235.9204255737285,233.75281228137578,234.74172973632812,46431500,0.0,0.0,232.5601348876953,52.76699597484053,230.09338208052583,227.76147622528725,2.331905855238574,1.7053443203587422
234.19234018879644,236.5897117727769,234.19234018879644,236.22010803222656,36254500,0.0,0.0,233.5949951171875,66.65581571416112,231.0359553038644,228.38804154431978,2.647913759544622,1.893858208195918
233.6329632952546,235.96040454410334,232.3443876620224,235.60079956054688,38846600,0.0,0.0,233.99655456542968,64.70206462534051,231.7382390356617,228.92231991589216,2.8159191197695463,2.078270390510644
233.822752128634,234.88158476901867,227.50969037853835,230.5063934326172,52287000,0.0,0.0,233.79277954101562,57.29854165845281,231.54872432750102,229.03965869490884,2.5090656325921827,2.164429438926952
229.7272566761152,230.56634513279107,228.15898997077215,230.31661987304688,31109500,0.0,0.0,233.4771301269531,55.555575564831855,231.35916979604653,229.13424841180796,2.22492138423857,2.1765278279892755
229.4875225740561,232.96369380669327,229.3177112321018,231.1556854248047,38802300,0.0,0.0,232.75992126464843,66.38572149603948,231.32786450816317,229.28398448684476,2.043880021318415,2.1499982666551034
233.06359498314518,234.472033847566,232.29443692443334,233.14349365234375,36087100,0.0,0.0,232.14459838867188,63.83751468274196,231.60719206880634,229.5698740546595,2.037318014146848,2.1274622161534524
232.84382710997653,234.07247106119948,232.06468555632105,233.41319274902344,35417200,0.0,0.0,231.7070770263672,58.579147511353575,231.88503832730126,229.8545643283161,2.0304739989851726,2.1080645727197966
232.35435817157438,233.21341362628857,229.29772360355057,229.8471221923828,47070900,0.0,0.0,231.57522277832032,51.952844896971335,231.57151276808304,229.85401305898768,1.7174997090953639,2.0299515999949103
229.08795100904055,229.57741798472995,225.1223128313268,225.66172790527344,64370100,0.0,0.0,230.6442443847656,47.25200581742083,230.66231509688154,229.54347341797182,1.1188416789097175,1.8477296157778718
220.72715344034327,225.10234466312102,220.02792579428782,222.66502380371094,65276700,0.0,0.0,228.94611206054688,35.579214900661384,229.4319625902399,229.0339586317303,0.3980039585096051,1.5577844843242186
220.74713841963055,222.54514803369162,219.46854635353304,221.76600646972656,44944500,0.0,0.0,226.67061462402344,28.425623354283445,228.25258472554555,228.4955918049152,-0.24300707936964727,1.1976261715854455
221.5562414690178,223.70387248945224,220.896963160989,223.2044219970703,28111300,0.0,0.0,224.6288604736328,34.46473023844402,227.47594430578013,228.10365330063038,-0.6277089948502521,0.832559138298306
222.36535526416637,225.82155947797517,220.94691765378838,222.47523498535156,54561100,0.0,0.0,223.15448303222655,32.64627782934613,226.7066044103296,227.68673342542453,-0.9801290150949455,0.4700215076196558
224.38313701629485,227.629565273657,224.32320539488208,227.22999572753906,42137700,0.0,0.0,223.4681365966797,37.07013067785758,226.78712615143874,227.65290100335895,-0.8657748519202073,0.20286223571168316
227.1699981689453,228.66000366210938,226.41000366210938,226.9600067138672,38328800,0.25,0.0,224.32713317871094,33.36883172119863,226.8137231610431,227.60157550043365,-0.7878523393905539,0.004719320691235734
225.0,225.6999969482422,221.5,224.22999572753906,42005600,0.0,0.0,224.81993103027344,31.0172134726361,226.4162266328117,227.3518288505896,-0.9356022177778982,-0.18334498700259108
224.5500030517578,225.58999633789062,223.36000061035156,224.22999572753906,40398300,0.0,0.0,225.0250457763672,37.3744287752401,226.07988341661593,227.12058195258587,-1.0406985359699377,-0.3548156967960604
224.00999450683594,226.64999389648438,222.75999450683594,225.1199951171875,48566200,0.0,0.0,225.5539978027344,39.832915981529055,225.93220829362693,226.97239033514893,-1.0401820415220016,-0.49188896574124863
225.02000427246094,228.8699951171875,225.0,228.22000122070312,44923900,0.0,0.0,225.7519989013672,44.72323107987356,226.28417643625403,227.0648059563011,-0.7806295200470572,-0.5496370766024103
226.39999389648438,226.9199981689453,224.27000427246094,225.0,47923700,0.0,0.0,225.35999755859376,35.98330052128091,226.08661083067648,226.91185736694544,-0.8252465362689634,-0.604758968535721
225.25,229.74000549316406,225.1699981689453,228.02000427246094,44686000,0.0,0.0,226.1179992675781,41.520026717645166,226.3840559755664,226.99394232290956,-0.6098863473431493,-0.6057844442972067
226.97999572753906,230.16000366210938,226.66000366210938,228.27999877929688,36211800,0.0,0.0,226.9279998779297,47.25003199723244,226.67573948383264,227.08920576412345,-0.41346628029080534,-0.5673208114959265
228.05999755859375,229.92999267578125,225.88999938964844,229.0,35169600,0.0,0.0,227.7040008544922,56.669050462706394,227.03331802478147,227.2307460778921,-0.1974280531106274,-0.4933422598188667
228.8800048828125,230.16000366210938,225.7100067138672,228.52000427246094,42108300,0.0,0.0,227.76400146484374,63.00448856033935,227.26203898596293,227.3262466848972,-0.06420769893426836,-0.407515347641947
228.05999755859375,230.72000122070312,228.05999755859375,229.8699951171875,38168300,0.0,0.0,228.73800048828124,67.64624772653421,227.66326300615134,227.51467249469647,0.14859051145487,-0.29629417582258366
231.4600067138672,233.25,229.74000549316406,232.8699951171875,90152800,0.0,0.0,229.70799865722657,69.7064026217007,228.46429871554153,227.91136305932542,0.552935656216107,-0.12644820941484555
233.3300018310547,235.57000732421875,233.3300018310547,235.05999755859375,45986200,0.0,0.0,231.06399841308593,74.21566387952109,229.47902161447263,228.44089154075272,1.0381300737199126,0.10646744721210609
234.47000122070312,235.69000244140625,233.80999755859375,234.92999267578125,33498400,0.0,0.0,232.2499969482422,68.02433691062393,230.31763254698166,228.92156569890298,1.396066848078675,0.3643873273854199
234.80999755859375,237.80999755859375,233.97000122070312,237.3300018310547,28481400,0.0,0.0,234.01199645996093,72.07319275425772,231.3964585906852,229.54441281980309,1.852045770882114,0.6619190160847588
237.27000427246094,240.7899932861328,237.16000366210938,239.58999633789062,48137100,0.0,0.0,235.95599670410155,83.36228879142061,232.65700285948606,230.28853011743922,2.3684727420468334,1.0032297612771737
239.80999755859375,242.75999450683594,238.89999389648438,242.64999389648438,38861000,0.0,0.0,237.91199645996093,85.31441118806164,234.19438609594732,231.20419410107218,2.990191994875147,1.4006222079967685
242.8699951171875,244.11000061035156,241.25,243.00999450683594,44383900,0.0,0.0,239.5019958496094,85.00977935972816,235.5506335437763,232.07869783483247,3.471935708943846,1.8148849081861842
243.99000549316406,244.5399932861328,242.1300048828125,243.0399932861328,40033900,0.0,0.0,241.12399597167968,82.96262206863877,236.70284273490807,232.8906456460399,3.8121970888681744,2.214347344322582
242.91000366210938,244.6300048828125,242.0800018310547,242.83999633789062,36870600,0.0,0.0,242.2259948730469,95.8376263398493,237.64702021229,233.62763458617698,4.0193856261130065,2.575355000680667
241.8300018310547,247.24000549316406,241.75,246.75,44649200,0.0,0.0,243.65799560546876,96.01966622602363,239.04747864116848,234.59966165386757,4.447816987300911,2.9498473980047164
246.88999938964844,248.2100067138672,245.33999633789062,247.77000427246094,36914800,0.0,0.0,244.68199768066407,96.16296762115414,240.3894056613673,235.5752425885782,4.814163072789114,3.322710532961596
247.9600067138672,250.8000030517578,246.25999450683594,246.49000549316406,45205800,0.0,0.0,245.37799987792968,90.35534603373551,241.32795948164372,236.38374354447345,4.94421593717027,3.6470116138033313
246.88999938964844,248.74000549316406,245.67999267578125,247.9600067138672,32667700,0.0,0.0,246.36200256347655,92.89496756329433,242.3482744404473,237.2412445199841,5.107029920463219,3.939015275135309
