Open,High,Low,Close,Volume,Dividends,Stock Splits,Capital Gains,Moving_Average,RSI,EMA_12,EMA_26,MACD,Signal_Line
27.769294282562388,27.81809721720577,27.6912084701054,27.80833625793457,1800,0.0,0.0,0.0,,,27.80833625793457,27.80833625793457,0.0,0.0
27.544795989990234,27.658021628360252,27.544795989990234,27.544795989990234,4700,0.0,0.0,0.0,,,27.76779160132775,27.788814756605362,-0.021023155277610783,-0.004204631055522157
27.40424168834825,27.58383923965347,27.388623781477655,27.42766761779785,4100,0.0,0.0,0.0,,,27.715464834630843,27.762063116693692,-0.046598282062848995,-0.012683361256987524
27.515514110296426,27.66778171932684,27.50575315131482,27.622880935668945,6200,0.0,0.0,0.0,,,27.701221157867472,27.751753325506677,-0.05053216763920432,-0.020253122533430885
27.749771636821354,27.808335529201237,27.65704345703125,27.65704345703125,3200,0.0,0.0,0.0,27.61214485168457,,27.694424588508053,27.744737779693683,-0.050313191185630046,-0.02626513626387072
27.40814653327146,27.56431815987713,27.40814653327146,27.52527618408203,14700,0.0,0.0,0.0,27.55553283691406,,27.668401757057897,27.72848136520393,-0.06007960814603308,-0.03302803064030319
27.456950336376106,27.456950336376106,27.349583503261172,27.44719123840332,5300,0.0,0.0,0.0,27.53601188659668,,27.63436936957258,27.707645059514995,-0.07327568994241673,-0.0410775625007259
27.642402686756093,27.74001041427032,27.378862380981445,27.378862380981445,3900,0.0,0.0,0.0,27.5262508392334,,27.59506060209702,27.68329078703103,-0.0882301849340088,-0.05050808698738249
27.22269317461334,27.232454134401213,27.076282501220703,27.076282501220703,13200,0.0,0.0,0.0,27.41693115234375,,27.515248586577588,27.63832721030434,-0.1230786237267516,-0.06502219433525631
27.134843633409957,27.183648427376497,26.99819393372871,27.066518783569336,35400,0.0,0.0,0.0,27.298826217651367,,27.446213232268626,27.595971030546192,-0.14975779827756597,-0.08196931512371824
26.695613655293617,26.734655631675352,26.578484002723073,26.71513557434082,5300,0.0,0.0,0.0,27.136798095703124,,27.33373974643358,27.530723959716163,-0.1969842132825832,-0.10497229475549125
26.461356490964164,26.490637508131137,26.25833299884229,26.344226837158203,11300,0.0,0.0,0.0,26.916205215454102,,27.181506991160447,27.442835283971128,-0.26132829281068126,-0.13624349436652924
26.29542221457515,26.29542221457515,25.992838070692894,26.23685646057129,10700,0.0,0.0,0.0,26.68780403137207,,27.036176140300576,27.35350351927484,-0.3173273789742659,-0.17246027128807656
26.530654279917695,26.583363084384814,26.461353893597973,26.578481674194336,4700,0.0,0.0,0.0,26.588243865966795,24.07401152841574,26.965761607053462,27.296094493713323,-0.3303328866598605,-0.20403479436243335
26.83226254116367,26.899611856609308,26.529680252075195,26.529680252075195,5000,0.0,0.0,0.0,26.480876159667968,23.588669962383435,26.898672167826035,27.239323068406797,-0.3406509005807621,-0.2313580156060991
26.393030815225764,26.393030815225764,26.119729539312136,26.158771514892578,11400,0.0,0.0,0.0,26.36960334777832,22.586829473658796,26.784841298143967,27.159282212590927,-0.3744409144469607,-0.2599745953742714
25.934273834176057,26.022120602303293,25.807385092277016,25.836666107177734,13800,0.0,0.0,0.0,26.268091201782227,20.892802682148755,26.638968191841467,27.06131064922699,-0.4223424573855219,-0.29244816777652155
26.070924348721746,26.109968185424805,25.869853802496284,26.109968185424805,4000,0.0,0.0,0.0,26.24271354675293,23.090305342164797,26.55758357546967,26.990840837093497,-0.43325726162382594,-0.32060998654598244
26.070924144086746,26.12948989868164,25.97331827652043,26.12948989868164,3000,0.0,0.0,0.0,26.15291519165039,22.687645023074097,26.491723009809974,26.927037063877805,-0.4353140540678311,-0.34355080005035216
26.041644111640004,26.568722890904507,25.992839314301754,26.47111701965332,4600,0.0,0.0,0.0,26.141202545166017,32.46756542587647,26.48855285747818,26.893265208750066,-0.4047123512718862,-0.355783110294659
26.139250580771986,26.324703216552734,26.080684826797736,26.324703216552734,3000,0.0,0.0,0.0,26.174388885498047,31.746026822630554,26.463345220412727,26.85114950562434,-0.3878042852116117,-0.3621873452780495
26.373509622763464,26.78346061706543,26.373509622763464,26.78346061706543,8600,0.0,0.0,0.0,26.363747787475585,41.40851458748694,26.51259374297468,26.846135513879233,-0.33354177090455295,-0.35645823040335023
26.871305670374948,26.890825726595928,26.783458901386574,26.851783752441406,9700,0.0,0.0,0.0,26.512110900878906,46.52566067409893,26.564776821354176,26.846553901920878,-0.2817770805667017,-0.34152200043602055
26.851783805159002,26.90058673837611,26.500396728515625,26.500396728515625,3700,0.0,0.0,0.0,26.586292266845703,42.076524905431704,26.554872191686705,26.820912629816785,-0.26604043813008005,-0.32642568797483246
26.334465519453836,26.334465519453836,26.070925198258383,26.11972999572754,9200,0.0,0.0,0.0,26.516014862060548,41.73442466338123,26.487927238462216,26.768973175439804,-0.28104593697758773,-0.31734973777538356
26.256377945678665,26.45159339904785,26.256377945678665,26.45159339904785,8400,0.0,0.0,0.0,26.54139289855957,51.50682570011677,26.482337417013852,26.745463562373732,-0.2631261453598803,-0.30650501929228297
26.227099665260475,26.554083442775163,26.227099665260475,26.46135711669922,2900,0.0,0.0,0.0,26.47697219848633,53.23948515241706,26.47910967850391,26.724418640471917,-0.2453089619680071,-0.29426580782742784
26.10996821540219,26.168532108811412,25.934274673461914,25.934274673461914,9600,0.0,0.0,0.0,26.29347038269043,41.17651361651391,26.39528890849745,26.665889457730437,-0.27060054923298793,-0.28953275610853985
26.080684469461882,26.139250222633713,25.983078604267252,26.012359619140625,5700,0.0,0.0,0.0,26.19586296081543,42.97081966890222,26.336376710134857,26.61747984005712,-0.2811031299222613,-0.28784683087128415
25.787862388867623,25.80738430601503,25.631690775113334,25.651212692260742,9300,0.0,0.0,0.0,26.10215950012207,43.085116058375576,26.23096686123115,26.545904495775908,-0.31493763454475854,-0.2932649916059791
25.55360599433459,25.928417137710333,25.47552018432193,25.81714630126953,30000,0.0,0.0,0.0,25.975270080566407,49.72224664845013,26.167302159698593,26.491922407293956,-0.32462024759536234,-0.29953604280385576
25.807385092277016,25.836666107177734,25.764437245586745,25.836666107177734,800,0.0,0.0,0.0,25.85033187866211,45.808368344286635,26.11643507469538,26.443384903581645,-0.32694982888626356,-0.3050188000203373
25.787862788540856,25.845451141819503,25.670733145553562,25.700016021728516,6600,0.0,0.0,0.0,25.80348014831543,43.641606744695125,26.05237060500817,26.388320541962894,-0.33594993695472297,-0.31120502740721445
25.514563475175166,25.641454086564398,25.377913766029213,25.436477661132812,4800,0.0,0.0,0.0,25.688303756713868,34.319518759087586,25.957617844411963,26.317813661901408,-0.3601958174894442,-0.3210031854236604
25.631693607664257,25.631693607664257,25.279330969577746,25.309589385986328,3300,0.0,0.0,0.0,25.619979095458984,34.52384414158415,25.857921158500325,26.243130382203994,-0.3852092237036686,-0.33384439307966207
25.631690968870444,25.71953773498535,25.553605161403027,25.71953773498535,5800,0.0,0.0,0.0,25.600457382202148,33.5346674002933,25.83663140103648,26.20434574166928,-0.36771434063279784,-0.34061838259028926
25.651214143982518,25.797624807449168,25.564342910958846,25.690256118774414,4100,0.0,0.0,0.0,25.571175384521485,31.804249912901824,25.814112126842318,26.166265028862252,-0.35215290201993454,-0.34292528647621834
25.75858008283899,25.944034576416016,25.73906002697235,25.944034576416016,1900,0.0,0.0,0.0,25.619979095458984,41.009441359516316,25.8341001960075,26.14980351386623,-0.3157033178587305,-0.33748089275272075
26.422312839578492,26.510159615126913,26.33446606403007,26.412551879882812,5300,0.0,0.0,0.0,25.815193939208985,54.60122772934808,25.92309276275755,26.169266355793386,-0.24617359303583797,-0.31921943280934423
26.72489356994629,26.822501299444028,26.651689169107428,26.72489356994629,5100,0.0,0.0,0.0,26.098254776000978,54.3209846759563,26.046446733094278,26.21042392721212,-0.16397719411784095,-0.28817098507104355
26.646806523160965,26.646806523160965,26.41254910025573,26.578481674194336,13500,0.0,0.0,0.0,26.270043563842773,51.77508583903137,26.128298262494287,26.23768746402562,-0.10938920153133225,-0.2524146283631013
26.46135580914902,26.534560211892924,26.363748077111172,26.490636825561523,33900,0.0,0.0,0.0,26.430119705200195,59.726998193949065,26.184042656812323,26.25642445376902,-0.072381796956698,-0.21640806208182065
26.588245578035355,26.68585331381931,26.588245578035355,26.656570434570312,9900,0.0,0.0,0.0,26.572626876831055,60.92721788047846,26.25673923800586,26.28606489679134,-0.029325658785481323,-0.1789915814225528
26.85178337898649,26.9689111615336,26.627286911010742,26.627286911010742,8500,0.0,0.0,0.0,26.61557388305664,68.656769743414,26.313746572314304,26.311340601548334,0.0024059707659702667,-0.1427120709848482
26.67609022742889,26.822500888576485,26.558960581483277,26.76393699645996,14600,0.0,0.0,0.0,26.623382568359375,68.3019238015599,26.383006637567483,26.344866260430678,0.038140377136805625,-0.10654158136051743
26.734655346089234,26.939631770469912,26.617527556482546,26.910348892211914,7700,0.0,0.0,0.0,26.689756011962892,69.78423991930524,26.464136215205087,26.386753862784843,0.07738235242024416,-0.06975679460436511
27.652163990224263,27.8180965705522,27.613122015759643,27.779052734375,12500,0.0,0.0,0.0,26.947439193725586,80.17002389213773,26.66643106430815,26.489887112532262,0.1765439517758871,-0.020496645328314668
27.90594376797894,27.99281500160596,27.866899931203278,27.91570472717285,7200,0.0,0.0,0.0,27.199266052246095,87.35297515355529,26.85862701244118,26.59550323213527,0.26312378030591077,0.03622743979853042
28.081636224456698,28.217310387095758,28.004525953004542,28.101158142089844,3100,0.0,0.0,0.0,27.494040298461915,91.32948009524283,27.049785647771746,26.70703322546524,0.34275242230650704,0.09753243630012574
28.296372691929154,28.44278335571289,28.267089814487367,28.44278335571289,10300,0.0,0.0,0.0,27.8298095703125,91.15044808915783,27.264092987454998,26.835607309187285,0.42848567826771244,0.1637230846936431
28.384218397576934,28.55015097342947,28.384218397576934,28.540390014648438,3200,0.0,0.0,0.0,28.155817794799805,92.19651954978812,27.46044637625399,26.961887509591815,0.49855886666217586,0.23069024108734965
28.559914064674167,28.559914064674167,28.364698597902507,28.43302345275879,7200,0.0,0.0,0.0,28.28661193847656,88.51966885317714,27.610073618793187,27.070860542419,0.5392130763741889,0.2923948081447175
28.481828250308038,28.51110926712492,28.364698597902507,28.43302345275879,2700,0.0,0.0,0.0,28.39007568359375,86.57246451365215,27.736681285557125,27.171761498740466,0.5649197868166596,0.3468998038791059
28.62823800185262,28.774648666381836,28.62823800185262,28.774648666381836,2600,0.0,0.0,0.0,28.524773788452148,86.71331920365459,27.896368574914774,27.290493881528715,0.6058746933860597,0.3986947817804967
28.589195647308184,28.75415082892333,28.589195647308184,28.637998580932617,1100,0.0,0.0,0.0,28.563816833496094,87.0176102595326,28.01046549891752,27.390309044447523,0.6201564544699956,0.4429871163183965
28.64775971615252,28.838093764855778,28.590171360499543,28.794170379638672,4000,0.0,0.0,0.0,28.61457290649414,90.41097082161373,28.13103548056693,27.4942987729802,0.6367367075867278,0.48173703457206285
29.038188729357294,29.08699166320899,29.038188729357294,29.057710647583008,1200,0.0,0.0,0.0,28.739510345458985,90.72848624847538,28.273600890877095,27.61010705998782,0.6634938308892764,0.5180883938355055
28.920083558615158,28.969863891601562,28.862495203019638,28.969863891601562,3400,0.0,0.0,0.0,28.846878433227538,88.96108221897525,28.380718275603936,27.710829788255502,0.6698884873484339,0.5484484125380912
28.88201728129923,29.272446339607093,28.716084698804313,29.213882446289062,9500,0.0,0.0,0.0,28.934725189208983,89.34173618849087,28.508897378786266,27.822167022183912,0.6867303566023537,0.5761048013509437
28.989384289856414,29.174836918230913,28.989384289856414,29.10651206970215,7500,0.0,0.0,0.0,29.02842788696289,85.71425912783687,28.600838100465634,27.91730369237045,0.6835344080951842,0.5975907226997919
29.145557593799264,29.226571879383627,29.106513757112175,29.213882446289062,8400,0.0,0.0,0.0,29.11237030029297,81.01265300939782,28.6951526152077,28.013346563031085,0.6818060521766149,0.6144337885951565
29.28220789998872,29.477423364007034,29.2431640625,29.2431640625,9400,0.0,0.0,0.0,29.149460983276366,80.088470707048,28.779462068637287,28.10444415558434,0.6750179130529474,0.6265506134867147
29.360294528974727,29.428619384765625,29.223644817392934,29.428619384765625,52100,0.0,0.0,0.0,29.24121208190918,80.08848792348223,28.879332424964723,28.20253120959777,0.6768012153669538,0.6366007338627626
29.520368828394535,29.569173624391116,29.457900923574037,29.56722068786621,6300,0.0,0.0,0.0,29.31187973022461,78.07016290844959,28.98516138848803,28.303619319099134,0.6815420693888967,0.6455890009679894
29.457902020841416,29.633595569548252,29.457902020841416,29.62383460998535,9000,0.0,0.0,0.0,29.41534423828125,77.61195480878509,29.083418807179925,28.401413044349965,0.6820057628299594,0.6528723533403835
29.581862596738773,29.643356828777954,29.581862596738773,29.63847541809082,4600,0.0,0.0,0.0,29.500262832641603,82.24536526828791,29.168812131935447,28.493047294256694,0.6757648376787522,0.6574508502080573
29.643354512814746,30.102108410791207,29.51743944621677,30.063064575195312,16700,0.0,0.0,0.0,29.664242935180663,85.53183563265893,29.306389430898502,28.609344870622515,0.6970445602759874,0.6653695922216433
30.08258649299326,30.180194220270447,29.965458709630678,30.063064575195312,8700,0.0,0.0,0.0,29.7911319732666,82.99991499664384,29.422800991559548,28.717027811701982,0.7057731798575659,0.6734503097488279
29.955698689550392,29.955698689550392,29.770244188082806,29.809288024902344,8900,0.0,0.0,0.0,29.839545440673827,78.30190331432385,29.482260535150747,28.797935975642748,0.6843245595079992,0.6756251597006623
29.770242864644924,29.784883371945103,29.692157056189767,29.761457443237305,8800,0.0,0.0,0.0,29.86707000732422,74.66391724500167,29.525213905625602,28.86930793620531,0.6559059694202922,0.6716813216445883
29.897132310760632,30.088443756103516,29.8776122544706,30.088443756103516,23600,0.0,0.0,0.0,29.957063674926758,75.45797416331325,29.611864651852976,28.959614293234807,0.6522503586181685,0.6677951290393043
30.092349225573347,30.092349225573347,29.731201171875,29.731201171875,8400,0.0,0.0,0.0,29.890690994262695,66.5957092965242,29.630224116471748,29.016768876837787,0.6134552396339608,0.6569271511582356
29.965458709630678,30.072825534094285,29.858090023454515,30.063064575195312,10500,0.0,0.0,0.0,29.890690994262695,67.82780845965583,29.69681495627537,29.09427226190131,0.6025426943740619,0.646050259801401
30.160673156363323,30.160673156363323,30.03378441050937,30.072826385498047,3100,0.0,0.0,0.0,29.943398666381835,71.15386381913366,29.754662868463477,29.166757752538103,0.5879051159253734,0.6344212310261955
30.072827842487655,30.37541200644458,30.072827842487655,30.287565231323242,10900,0.0,0.0,0.0,30.048620223999023,72.44899993858537,29.83664784736498,29.24978052874441,0.5868673186205697,0.6249104485450704
30.33636538232376,30.473015081426166,30.326604423571798,30.453495025634766,23400,0.0,0.0,0.0,30.121630477905274,73.93822015125818,29.931547413252638,29.338944565551103,0.592602847701535,0.6184489283763633
30.329082914826703,30.436841885456236,30.191936492919922,30.191936492919922,17000,0.113,0.0,0.0,30.213777542114258,64.65587453746971,29.97160727166299,29.402129152763607,0.5694781188993829,0.6086547664809673
30.368269694765488,30.368269694765488,30.188998388336007,30.22132682800293,5000,0.0,0.0,0.0,30.24542999267578,63.10874594245821,30.010025664946056,29.462810462040594,0.5472152029054627,0.5963668537658664
30.025401605949472,30.074383806938965,29.898051620336624,29.917644500732422,17500,0.0,0.0,0.0,30.214393615722656,55.357601212582416,29.99581317814396,29.496501872314063,0.49931130582989525,0.5769557441786722
29.49640744856711,29.564980662713793,29.418037794045187,29.467018127441406,6600,0.0,0.0,0.0,30.05028419494629,47.3024142121926,29.91446009342049,29.494317891212386,0.4201422022081047,0.5455930357845588
29.643348991206544,29.79127093675173,29.63355255126953,29.63355255126953,25400,0.0,0.0,0.0,29.88629570007324,42.64514527591974,29.87124354847419,29.50463156973514,0.3666119787390514,0.5097968243754573
29.57477586412002,29.878458029110384,29.57477586412002,29.69232940673828,3200,0.0,0.0,0.0,29.786374282836913,43.77689383849354,29.843718295899436,29.518535113216853,0.32518318268258284,0.4728740960368824
29.927438052501845,30.26050953395941,29.89805060138961,30.074382781982422,7500,0.0,0.0,0.0,29.756985473632813,54.26612234875226,29.8792051399122,29.559709014606895,0.3194961253053066,0.44219850189056725
29.83927175746111,29.86376379119305,29.735432858878635,29.77069854736328,5600,0.0,0.0,0.0,29.727596282958984,50.137400735412974,29.8625118179816,29.575337868885146,0.2871739490964522,0.41119359133174427
29.86866178944045,30.005808212908065,29.832415148175485,29.996013641357422,4800,0.0,0.0,0.0,29.833395385742186,48.582863586437135,29.883050560039415,29.606499037216423,0.27655152282299156,0.3842651776299938
29.679596005919294,29.868661880493164,29.633552924483443,29.868661880493164,2100,0.0,0.0,0.0,29.880417251586913,52.267380291545045,29.880836917032298,29.625918507088773,0.25491840994352444,0.35839582409269993
30.10377032244815,30.10377032244815,29.86866137045317,29.947031021118164,3100,0.0,0.0,0.0,29.93135757446289,47.91139236160464,29.8910206253532,29.6497046192391,0.24131600611410065,0.3349798604969801
29.398444831624637,29.523836652207354,29.32007517732043,29.408241271972656,21200,0.0,0.0,0.0,29.798129272460937,39.95123768829497,29.816746878679268,29.63181844536751,0.18492843331175735,0.30496957505993555
29.222112060489966,29.2417049407959,29.01639242271741,29.2417049407959,17700,0.0,0.0,0.0,29.69233055114746,33.95229811454165,29.72827888823567,29.602921148732577,0.12535773950309448,0.26904720794856735
29.339668220705555,29.525794982910156,29.320075339900875,29.525794982910156,6300,0.0,0.0,0.0,29.598286819458007,36.26345322001769,29.697127518185592,29.597208099412395,0.09991941877319732,0.23522165011349336
29.633553565535596,29.66294288635254,29.373954437999025,29.66294288635254,6600,0.0,0.0,0.0,29.557143020629884,41.867512097055595,29.69186834405743,29.60207734288944,0.08979100116798833,0.20613552032439236
29.662941955323653,29.730536083145097,29.613959755499483,29.69232940673828,5000,0.0,0.0,0.0,29.506202697753906,41.867443913052405,29.69193927677756,29.608762680952317,0.08317659582524328,0.18154373542456256
29.457221553286505,29.59436798095703,29.457221553286505,29.59436798095703,900,0.0,0.0,0.0,29.543428039550783,44.69451101478237,29.676928308189787,29.607696406878592,0.06923190131119483,0.15908136860188904
30.201732638855223,30.36826837889805,29.966623688526496,30.01560401916504,9500,0.0,0.0,0.0,29.69820785522461,59.090877483328576,29.72903226372444,29.637911785566477,0.09112047815796487,0.14548919051310422
29.974461916408252,30.025402285502285,29.87258117822018,29.956829071044922,24800,0.0,0.0,0.0,29.78441467285156,55.555584691773056,29.76407792638913,29.661535288194507,0.10254263819462395,0.13689988004940817
30.133160426715136,30.142956866863315,30.03030060787911,30.06360626220703,9700,0.0,0.0,0.0,29.864547348022462,56.276925616935216,29.810159208822654,29.691318323306543,0.11884088551611072,0.1332880811427487
29.986218257763813,30.13316112643886,29.849069960984476,30.084178924560547,24100,0.0,0.0,0.0,29.942917251586913,50.18867813625971,29.852316088166948,29.720419108584615,0.13189697958233282,0.13300986083066554
30.182141161167237,30.182141161167237,29.976421520753874,30.093975067138672,2000,0.0,0.0,0.0,30.042838668823244,57.02132454435336,29.889494392624137,29.74808992032936,0.14140447229477715,0.13468878312348787
30.113566701460154,30.113566701460154,29.66783896386417,29.683513641357422,8600,0.0,0.0,0.0,29.976420593261718,43.71796484146144,29.85780504627541,29.743306492257364,0.11449855401804498,0.1306507373023993
29.819680950957235,30.07928006767451,29.814781796785294,30.074382781982422,4300,0.0,0.0,0.0,29.99993133544922,53.739334833361646,29.891124697922642,29.767830661866626,0.12329403605601641,0.1291793970531227
29.907848358154297,29.937235810560516,29.771681014464335,29.907848358154297,2900,0.0,0.0,0.0,29.96877975463867,49.30990534251444,29.89369756872751,29.77820234307312,0.11549522565439219,0.1264425627733766
29.731514762663895,29.780495093342747,29.52579326315707,29.736412048339844,14500,0.0,0.0,0.0,29.89922637939453,56.63888503032829,29.869499796360177,29.775106765685468,0.09439303067470917,0.1200326563536431
29.760903619754725,29.962706926559168,29.760903619754725,29.9450740814209,5900,0.0,0.0,0.0,29.869446182250975,63.99067915314142,29.881126609446444,29.787696937221426,0.09342967222501741,0.11471205952791796
29.878458236774982,29.935276841573977,29.737393610956648,29.809885025024414,2500,0.0,0.0,0.0,29.894720458984374,56.006626666849485,29.870166365689208,29.789340499280904,0.08082586640830414,0.1079348209039952
29.9078485479457,30.005809214561328,29.858866346157942,29.93233871459961,1300,0.0,0.0,0.0,29.866311645507814,55.73155538962857,29.879731342444657,29.799932959674884,0.07979838276977347,0.10230753327715086
29.858865143145582,29.898050902997,29.7550262428031,29.87845802307129,4800,0.0,0.0,0.0,29.86043357849121,53.919148707164865,29.87953544715645,29.805749631037582,0.07378581611886759,0.09660318984549421
29.849069083739792,30.01560482827179,29.809885191868677,29.927438735961914,6900,0.0,0.0,0.0,29.898638916015624,57.16088861040419,29.886905183895752,29.814763638809755,0.0721415450859979,0.09171086089359495
29.457221092065584,29.564980065536602,29.31615646416744,29.486610412597656,7700,0.0,0.0,0.0,29.806946182250975,38.72186107489697,29.825321372926815,29.790455992423674,0.03486538050314181,0.08034176481550433
29.604163734011046,29.74131202697754,29.604163734011046,29.74131202697754,27000,0.0,0.0,0.0,29.793231582641603,45.759447448042515,29.812396858165386,29.786815698686922,0.025581159478463178,0.0693896437480961
29.898050897028767,30.09397409080712,29.898050897028767,30.064586639404297,3100,0.0,0.0,0.0,29.81968116760254,50.017775650540386,29.851195286048295,29.807391323925245,0.043803962123050155,0.0642725074230869
30.10377072164419,30.19879413453955,30.054790390009003,30.08907699584961,4000,0.0,0.0,0.0,29.861804962158203,50.08868309744365,29.887792472171572,29.828256929252973,0.059535542918599305,0.06332511452218939
30.191936195675456,30.544600555369268,30.09691278472418,30.201732635498047,4800,0.0,0.0,0.0,29.91666374206543,51.88096791807056,29.936090958837184,29.855921796382237,0.08016916245494699,0.0666939241087409
30.250712945059213,30.294795989990234,30.142955844045492,30.294795989990234,4300,0.0,0.0,0.0,30.078300857543944,61.99995207327996,29.991276348245343,29.888430995908756,0.10284535233658687,0.0739242097543101
30.671952173972404,31.0931897664384,30.63276828106949,30.828691482543945,20600,0.0,0.0,0.0,30.295776748657225,64.02036644570637,30.120109445829744,29.958079920844696,0.16202952498504786,0.09154527280045766
30.83848654221764,30.867875861938995,30.823792816596896,30.843385696411133,3400,0.0,0.0,0.0,30.451536560058592,68.42910506924285,30.23138271514996,30.02365812644221,0.20772458870774813,0.11478113598191575
30.995226540339104,31.31850159061961,30.897265876026147,30.975635528564453,16100,0.0,0.0,0.0,30.628848266601562,74.79419266893908,30.34588314798296,30.094174971043856,0.2517081769391041,0.14216654417335342
31.16176194010827,31.233274270612746,31.12747533428283,31.171558380126953,5800,0.0,0.0,0.0,30.822813415527342,74.66504337846473,30.472910106774343,30.173981149494455,0.29892895727988744,0.17351902679466022
31.142171726709833,31.29401187969127,31.122578846170317,31.269521713256836,9500,0.0,0.0,0.0,31.017758560180663,79.80000155762028,30.59546573854088,30.255132302365745,0.34033343617513623,0.20688190867075545
31.465443924743767,31.55361001592198,31.318501062273366,31.42626190185547,3300,0.0,0.0,0.0,31.13727264404297,80.07889485754839,30.723280532896972,30.341882643068686,0.3813978898282855,0.24178510490226146
31.41646316898414,31.56340789794922,31.347889958656356,31.56340789794922,5000,0.0,0.0,0.0,31.281277084350585,82.82446804162477,30.852530896751166,30.43236599528206,0.4201649014691071,0.2774610642156306
31.485038041049904,31.55361125499689,31.436057707796326,31.445852279663086,14400,0.0,0.0,0.0,31.375320434570312,78.8104175322128,30.943811109506846,30.507439053384356,0.4363720561224902,0.3092432625970025
31.485038041049904,31.54381668313013,31.320462327577136,31.445852279663086,3900,0.0,0.0,0.0,31.43017921447754,94.6428121303151,31.02104821260781,30.57695114421982,0.4440970683879897,0.33621402375519993
31.690757708512585,31.690757708512585,31.55948951841649,31.631982803344727,4600,0.0,0.0,0.0,31.502671432495116,94.47000597565594,31.115038149644256,30.65510163748833,0.45993651215592735,0.3609585214353454
31.90137542764052,32.072812193817136,31.90137542764052,31.9748477935791,3600,0.0,0.0,0.0,31.612388610839844,94.5205028836417,31.24731655640346,30.75286061201357,0.49445594438989104,0.38765800602625455
32.04342177403047,32.0924021068447,31.82790756225586,31.82790756225586,3800,0.0,0.0,0.0,31.665288543701173,88.33701151900097,31.336638249611525,30.832493719438926,0.5041445301725993,0.41095531085552356
31.778923156553688,31.869051153374198,31.602590970718524,31.83770179748535,33700,0.0,0.0,0.0,31.743658447265624,87.78288077401871,31.413724949284422,30.906953577071995,0.5067713722124267,0.43011852312690424
31.857294159981898,32.22367316821845,31.857294159981898,32.10219955444336,12700,0.0,0.0,0.0,31.87492790222168,88.67931921785812,31.51964411930887,30.995490316136543,0.5241538031723287,0.4489255791359892
32.20995869381364,32.28734739376998,32.09240141324835,32.21975326538086,7100,0.0,0.0,0.0,31.992481994628907,86.22455821771182,31.627353218704563,31.08617646052501,0.541176758179553,0.46737581494470193
32.08260672018951,32.08260672018951,31.82300759960383,31.916072845458984,3800,0.0,0.0,0.0,31.980727005004884,74.27949019706037,31.67177162282063,31.147650266816417,0.524121356004212,0.478724923156604
32.131588306509414,32.28832761583054,31.916074091792815,32.02872848510742,8200,0.0,0.0,0.0,32.020891189575195,74.04930743096088,31.726688063172446,31.212915320023157,0.5137727431492891,0.48573448715514106
32.13158812394694,32.13158812394694,31.886682720964174,31.892560958862305,3500,0.0,0.0,0.0,32.03186302185058,66.9274054224944,31.752206970201655,31.26325944141865,0.4889475287830045,0.4863770954807138
31.906273969617274,31.979746334145936,31.89158024410348,31.975826263427734,5500,0.0,0.0,0.0,32.00658836364746,66.69756913600844,31.78660993839028,31.316042168974878,0.47056776941540335,0.48321523026765173
32.04341941649815,32.503842732388904,31.945458758076946,32.46759796142578,7300,0.0,0.0,0.0,32.05615730285645,71.25155116549554,31.89137732654959,31.401342598045314,0.490034728504277,0.4845791299149768
32.27853355691756,32.38629253446842,32.209960341559736,32.22955322265625,8600,0.0,0.0,0.0,32.118853378295896,63.05695003357215,31.94340438748908,31.462691533201678,0.4807128542874004,0.4838058747894615
32.229550385115886,32.29812359443641,32.229550385115886,32.25893783569336,4000,0.0,0.0,0.0,32.16489524841309,66.50766617797058,31.99194799490512,31.521672740793655,0.470275254111467,0.4810997506538627
32.29812317316682,32.43526959001906,32.278530294050846,32.39608383178711,10200,0.0,0.0,0.0,32.26559982299805,68.27440493876068,32.05412273904081,31.586443932719092,0.46767880632171455,0.4784155617874331
32.61160321003821,32.6899709930148,32.474456787109375,32.474456787109375,12300,0.0,0.0,0.0,32.365325927734375,66.9026227633727,32.11878951566674,31.65222266267393,0.46656685299281264,0.47604582002850904
32.79772987373326,32.846710205078125,32.70956378252861,32.846710205078125,6100,0.0,0.0,0.0,32.441148376464845,67.28837290574104,32.230777314037724,31.740703221370534,0.4900740926671894,0.4788514745562451
32.6997713513921,32.76834456715529,32.601806945330424,32.7223014831543,4300,0.0,0.0,0.0,32.53969802856445,67.8950598155693,32.306396416978735,31.813414203724886,0.4929822132538497,0.48167762229576605
32.71936294773271,32.885896826057895,32.503844999820274,32.572418212890625,31700,0.0,0.0,0.0,32.602394104003906,63.91990407916504,32.347322847119024,31.869636722922348,0.47768612419667633,0.48087932267594813
32.3373058284579,32.3373058284579,32.190364837646484,32.190364837646484,21800,0.0,0.0,0.0,32.56125030517578,51.59914313825614,32.323175461046326,31.893394361050063,0.42978109999626213,0.470659678140011
32.26089554494722,32.67037662821298,32.26089554494722,32.582210540771484,12700,0.0,0.0,0.0,32.582801055908206,55.979301256952134,32.363027011773276,31.94441778177017,0.41860923000310635,0.4602495885126301
32.82711671210543,32.82711671210543,32.16097749172784,32.23052978515625,14100,0.0,0.0,0.0,32.459564971923825,55.10658833091322,32.34264282306297,31.965611263502474,0.3770315595604927,0.44360598272220264
32.180568099768394,32.31771826296192,32.13550783798295,32.20016098022461,5500,0.0,0.0,0.0,32.35513687133789,52.86040534502446,32.32072253954937,31.982985316593002,0.33773722295637043,0.42243223076903624
32.44506538587828,32.611602996170966,32.44506538587828,32.54302978515625,48800,0.0,0.0,0.0,32.34925918579101,60.15295237743655,32.35492365425812,32.02447009204213,0.3304535622159932,0.40403649705842765
32.40588337387562,32.40588337387562,32.06595456903575,32.170772552490234,3400,0.0,0.0,0.0,32.345340728759766,52.79105534049302,32.3265927155246,32.035307311334584,0.29128540419001325,0.3814862784847448
31.739741132892398,31.916073318727562,31.690757063636106,31.83770179748535,15500,0.0,0.0,0.0,32.19643898010254,40.55242429426469,32.25137872813394,32.02066986586427,0.23070886226967247,0.3513307952417304
31.72994215325742,31.72994215325742,31.332215660067547,31.612388610839844,12800,0.0,0.0,0.0,32.07281074523926,40.70789242736826,32.15307255624254,31.990426809936533,0.16264574630600848,0.31359378545458605
31.240131806323717,31.249928246409674,31.025594813336927,31.102985382080078,30600,0.0,0.0,0.0,31.85337562561035,34.793805638354456,31.991520683294468,31.92469040787309,0.06683027542137765,0.2642410834479444
31.631982664441917,31.631982664441917,31.102986098494785,31.14217185974121,5500,0.0,0.0,0.0,31.573204040527344,33.06881917935368,31.860851633517044,31.866726070974433,-0.005874437457389803,0.21021797926687757
30.985429810045105,30.985429810045105,30.574969622891476,30.79930305480957,4500,0.0,0.0,0.0,31.29891014099121,28.888852565726623,31.69753646756205,31.787657699406665,-0.09012123184461629,0.15015013704457883
31.084372736060303,31.084372736060303,30.936448923202,31.063798904418945,1500,0.0,0.0,0.0,31.14412956237793,26.903528716439098,31.600038380924648,31.734038529407577,-0.1340001484829294,0.09332007993907718
30.995226035476904,31.09318856667411,30.828690292985613,30.867876052856445,475600,0.0,0.0,0.0,30.99522705078125,26.414117571713234,31.48739802276031,31.669878345959344,-0.18248032319903373,0.038159999311454994
30.907060623168945,30.97563570444926,30.76991419756814,30.907060623168945,5400,0.0,0.0,0.0,30.956042098999024,28.205094922600637,31.3981153459001,31.61337332945635,-0.2152579835562527,-0.012523597262086544
31.181355537056334,31.315562844590154,31.093189443341007,31.210744857788086,3000,0.0,0.0,0.0,30.9697566986084,36.91100503831617,31.36928911695979,31.583548998221666,-0.21425988126187434,-0.05287085406204411
31.455649264520524,31.837701079561707,31.455649264520524,31.79851531982422,6600,0.0,0.0,0.0,31.16959915161133,40.04977027983916,31.435323917400474,31.59947242945148,-0.1641485120510069,-0.07512638565983668
31.739740461685397,31.739740461685397,31.548714553896936,31.612388610839844,14900,0.0,0.0,0.0,31.279317092895507,41.80732174925981,31.46256463946807,31.600429183628396,-0.13786454416032612,-0.08767401735993458
31.210744173531076,31.528139114379883,31.210744173531076,31.528139114379883,2900,0.0,0.0,0.0,31.411369705200194,41.21862066249712,31.472653020223735,31.595074363684063,-0.12242134346032785,-0.09462348258001324
31.798514937536737,31.83770069680313,31.659410350188644,31.749534606933594,9100,0.0,0.0,0.0,31.579864501953125,39.29135885093567,31.515250187409865,31.60651586318403,-0.09126567577416367,-0.09395192121884333
31.69075766165513,31.81810951759701,31.612389875893896,31.7436580657959,6500,0.0,0.0,0.0,31.686447143554688,43.603290978261064,31.550389861007716,31.61667454485898,-0.06628468385126496,-0.08841847374532766
31.52422274687993,31.616305172399787,31.171558380126953,31.171558380126953,10500,0.0,0.0,0.0,31.561055755615236,40.69002138423325,31.49210809471837,31.58370297710105,-0.0915948823826831,-0.08905375547279874
31.13237387571342,31.61238821630074,30.779709515902393,31.172536849975586,7900,0.0,0.0,0.0,31.473085403442383,43.44139721796407,31.442943287834865,31.55324622694361,-0.11030293910874533,-0.09330359219998806
31.303808187323966,31.502672373845595,31.303808187323966,31.39687156677246,18100,0.0,0.0,0.0,31.446831893920898,54.78926798155174,31.435855330748343,31.541662918782784,-0.10580758803444112,-0.09580439136687867
31.729942063303902,31.82790646250727,31.616304855011887,31.7397403717041,4600,0.0,0.0,0.0,31.444873046875,58.86111965897057,31.482606875510765,31.556335322702882,-0.07372844719211713,-0.09138920253192637
31.955253850334646,32.072811126708984,31.932723720661404,32.072811126708984,2700,0.0,0.0,0.0,31.51070365905762,68.93940898185554,31.573407529541257,31.594592789666297,-0.021185260125040628,-0.07734841405054922
32.33730578768003,32.47445594400793,32.33730578768003,32.37649154663086,7500,0.0,0.0,0.0,31.751690292358397,69.29724752429719,31.69695891678581,31.652511216108117,0.04444770067769355,-0.052989191104900676
32.327512434821244,32.55282495184088,32.327512434821244,32.5234375,7900,0.0,0.0,0.0,32.02187042236328,74.69316714773325,31.82410946804953,31.717024274174182,0.1070851938753492,-0.0209743141088507
32.67037684091724,32.93487510496377,32.67037684091724,32.885894775390625,4800,0.0,0.0,0.0,32.319675064086915,76.91896539824529,31.987461053794316,31.80360727426429,0.18385377953002546,0.01999130461892453
32.98385666040648,33.12100682005203,32.98385666040648,33.032840728759766,12100,0.0,0.0,0.0,32.578295135498045,75.89086464321238,32.14828869609669,31.89466160422692,0.25362709186977384,0.0667184620690944
33.0328409424995,33.10533048812547,32.96426773071289,32.96426773071289,7500,0.0,0.0,0.0,32.75658645629883,69.43177656143493,32.27382393219149,31.973891687670324,0.29993224452116607,0.11336121855950873
33.072021379149945,33.16998577483106,32.983855291516726,33.10630798339844,1700,0.0,0.0,0.0,32.902549743652344,75.27340336693035,32.401898401607944,32.057774376242776,0.3441240253651685,0.1595137799206407
33.30713528936034,33.55106161239583,33.218969193527755,33.532447814941406,15500,0.0,0.0,0.0,33.10435180664062,80.39219315695189,32.575829080582324,32.16700944577601,0.40881963480631356,0.20937495089777527
33.336521963838166,33.336521963838166,33.15627344236648,33.17390441894531,4600,0.0,0.0,0.0,33.16195373535156,70.73587101876163,32.667840671099704,32.241594258603364,0.4262464124963401,0.25274924321748826
33.16018879797584,33.228762009225655,33.10141389516728,33.21896743774414,1600,0.0,0.0,0.0,33.199179077148436,71.23516327602991,32.75262940442962,32.31399227187305,0.4386371325565719,0.289926821085305
33.10141508189074,33.33652217547332,33.10141508189074,33.17978286743164,14600,0.0,0.0,0.0,33.24228210449219,84.14388003943341,32.81834532181455,32.37812490858109,0.4402204132334546,0.3199855395149349
33.16998613066336,33.196436330933025,33.04753343746803,33.189579010009766,6400,0.0,0.0,0.0,33.25893630981445,84.19128036040954,32.87545819692151,32.43823261979803,0.43722557712347765,0.34343354703664347
33.11120717500961,33.11120717500961,32.81732146155181,32.92018127441406,2800,0.0,0.0,0.0,33.13648300170898,75.43336715307221,32.8823386703819,32.473932520139954,0.4084061502419445,0.3564280676777037
33.248356789447705,33.248356789447705,32.685077341553,32.78793716430664,37800,0.0,0.0,0.0,33.05928955078125,68.82481617307032,32.867815361754936,32.49719212341156,0.3706232383433772,0.3592671018108384
32.895694898749134,33.091616227853166,32.87610201844677,33.013248443603516,9800,0.0,0.0,0.0,33.01814575195313,67.5695784669504,32.890189682039335,32.53541851749985,0.35477116453948554,0.3583679143565678
33.189581011445696,33.189581011445696,32.92508272975856,33.06222915649414,7500,0.0,0.0,0.0,32.994635009765624,64.15863544282263,32.91665729349392,32.57444152779572,0.34221576569819945,0.35513748462489414
32.640991044323336,32.64980653248364,32.153138416789794,32.5234375,9300,0.0,0.0,0.0,32.86140670776367,50.0,32.8561619406487,32.5706634516627,0.2854984889859935,0.341209685497114
32.70956355157302,32.719361859948656,32.57731628417969,32.57731628417969,10200,0.0,0.0,0.0,32.792833709716795,43.84047928703921,32.81326260888423,32.57115625407137,0.24210635481286147,0.32138901936026354
32.76834263548246,32.77813720703125,32.55282469181139,32.77813720703125,16000,0.0,0.0,0.0,32.79087371826172,45.02292158952837,32.80785870090685,32.586488176512844,0.22137052439400406,0.3013853203670117
32.96426773071289,33.0328409424995,32.738951478317155,32.96426773071289,15200,0.0,0.0,0.0,32.7810775756836,50.0,32.83192162856932,32.61447184719433,0.21744978137498805,0.284598212568607
32.72915530621713,32.768341064453125,32.54302856003554,32.768341064453125,13100,0.0,0.0,0.0,32.72229995727539,43.81060432466871,32.82214000332067,32.62586956699128,0.19627043632939234,0.2669326573207641
33.140601711950225,33.140601711950225,32.77813901632168,32.90549087524414,17900,0.0,0.0,0.0,32.798710632324216,37.15893873124661,32.834963214385816,32.646582256491484,0.1883809578943314,0.25122231743547757
33.042635895577156,33.08182165618189,32.9397760767096,33.013248443603516,5700,0.0,0.0,0.0,32.88589706420898,46.33278126953775,32.862391711188536,32.67374271479608,0.1886489963924589,0.23870765322687387
32.75364895602891,32.80752844202292,32.543030166314075,32.592010498046875,3500,0.0,0.0,0.0,32.84867172241211,37.786275993169056,32.82079460147443,32.66768847651836,0.153106124956075,0.22158734757271412
32.20016160014587,32.37649379068675,32.19036702820912,32.36669921875,3800,0.0,0.0,0.0,32.72915802001953,35.231349767811835,32.75093377336298,32.645392975942926,0.10554079742005484,0.19837803754218225
31.965051739009745,32.209957122802734,31.876885651365885,32.209957122802734,3500,0.0,0.0,0.0,32.61748123168945,33.10810988588855,32.66770659635371,32.613138468302914,0.05456812805079636,0.16961605564390508
32.78793436636489,32.92508078499976,32.631195068359375,32.631195068359375,12600,0.0,0.0,0.0,32.5626220703125,45.2648830284347,32.66208943820074,32.614475994233025,0.0476134439677125,0.14521553330866657
32.4450654415432,32.4450654415432,31.818108232927447,31.98464584350586,7400,0.0,0.0,0.0,32.35690155029297,38.73625315589028,32.557867346709216,32.56782190899398,-0.009954562284761437,0.11418151418998097
31.377279173548324,31.455650696591295,31.1127827571981,31.41156578063965,34800,0.0,0.0,0.0,32.120812606811526,29.536940060462484,32.38151325962159,32.48217330689366,-0.1006600472720649,0.0712132018975718
31.475242902395472,31.67410521926074,31.38707680934272,31.651575088500977,5100,0.0,0.0,0.0,31.97778778076172,32.816280631318236,32.26921507944919,32.42064751293864,-0.1514324334894539,0.02668407482016666
31.69075749262378,31.74953613435111,31.50463073259371,31.7005558013916,25500,0.0,0.0,0.0,31.875907516479494,38.61792114090153,32.1817290366711,32.36730738615738,-0.18557834948627772,-0.015768410041122217
31.700555844664024,31.81810939131928,31.700555844664024,31.75933074951172,3300,0.0,0.0,0.0,31.70153465270996,38.70094900857322,32.11674468480043,32.32227207973918,-0.2055273949387484,-0.053720207020647455
31.759329987432594,31.759329987432594,31.406669355929075,31.66136932373047,15400,0.0,0.0,0.0,31.63687934875488,34.12260920404243,32.046686936943516,32.27331632003483,-0.2266293830913142,-0.0883020422347808
32.09240224583483,32.11199512643736,31.715249570875947,31.75933074951172,21400,0.0,0.0,0.0,31.706432342529297,32.42856093848742,32.00247829272324,32.235243314810894,-0.23276502208765493,-0.11719463820535564
31.602591613800907,31.690757708512585,31.602591613800907,31.631982803344727,2600,0.0,0.0,0.0,31.702513885498046,33.09041864467682,31.945478986665005,32.19055735099859,-0.2450783643335832,-0.14277138343100115
31.41646447490705,31.5830020904541,31.41646447490705,31.5830020904541,2100,0.0,0.0,0.0,31.679003143310545,29.790403017310467,31.889713310324865,32.145553257624925,-0.25583994730006054,-0.16538509620481304
31.770000457763672,31.829999923706055,31.65999984741211,31.719999313354492,6400,0.657,0.0,0.0,31.6711368560791,30.41227434111505,31.863603464637116,32.11403074323452,-0.25042727859740666,-0.18239353268333178
31.670000076293945,31.899999618530273,31.65999984741211,31.756000518798828,9700,0.0,0.0,0.0,31.690063095092775,35.664806807998474,31.847049165277376,32.08750998586892,-0.24046082059154372,-0.19400699026497417
32.06999969482422,32.20000076293945,31.840999603271484,32.06999969482422,4400,0.0,0.0,0.0,31.752196884155275,45.06261712144065,31.881349246746122,32.08621292727302,-0.20486368052689485,-0.19617832831735832
31.610000610351562,31.780000686645508,31.610000610351562,31.690000534057617,6400,0.0,0.0,0.0,31.763800430297852,41.9458512744787,31.851910983255582,32.056863861108916,-0.2049528778533336,-0.1979332382245534
32.20500183105469,32.369998931884766,32.20000076293945,32.34000015258789,3700,0.0,0.0,0.0,31.91520004272461,45.787893234805296,31.92700162469132,32.07783691973699,-0.15083529504566684,-0.1885136495887761
32.779998779296875,32.95000076293945,32.459999084472656,32.59000015258789,8700,0.0,0.0,0.0,32.08920021057129,59.89110990606905,32.02900139821387,32.115774936985204,-0.08677353877133243,-0.16816562742528737
